cam0:
  T_cam_imu:
  - [0.9999805598996976, 0.005960463281156162, -0.0018310380008069783, 0.0515461851625865]
  - [0.0059653204069343765, -0.9999786727624389, 0.0026587539774675234, 0.05029664083335079]
  - [-0.0018151515443682294, -0.0026696250193756097, -0.9999947891499865, -0.04450062155589076]
  - [0.0, 0.0, 0.0, 1.0]
  cam_overlaps: [1, 3]
  camera_model: pinhole
  distortion_coeffs: [0.29167299, -0.6072107, -0.00083053, 0.00087051]
  distortion_model: radtan
  intrinsics: [475.03888642, 474.29264844, 219.85007813, 311.58477823]
  resolution: [480, 640]
  rostopic: /cam0/image_raw
